textblob_score
                            GLS Regression Results
==============================================================================
Dep. Variable:                      y   R-squared:                       0.825
Model:                            GLS   Adj. R-squared:                  0.767
Method:                 Least Squares   F-statistic:                     14.31
Date:                Wed, 20 Mar 2024   Prob (F-statistic):           9.65e-79
Time:                        23:04:05   Log-Likelihood:                 584.03
No. Observations:                 441   AIC:                            -948.1
Df Residuals:                     331   BIC:                            -498.3
Df Model:                         109
Covariance Type:            nonrobust
================================================================================
                   coef    std err          t      P>|t|      [0.025      0.975]
--------------------------------------------------------------------------------
nsubj            0.0020      0.006      0.318      0.751      -0.010       0.014
advmod           0.0042      0.005      0.913      0.362      -0.005       0.013
root             0.2718      0.009     31.760      0.000       0.255       0.289
xcomp            0.0126      0.007      1.808      0.072      -0.001       0.026
case            -0.0068      0.011     -0.605      0.546      -0.029       0.015
obl              0.0093      0.012      0.769      0.442      -0.014       0.033
acl             -0.0182      0.020     -0.923      0.357      -0.057       0.021
det             -0.0008      0.006     -0.129      0.898      -0.012       0.011
discourse        0.0034      0.006      0.566      0.572      -0.008       0.015
quant           -0.0030      0.016     -0.187      0.852      -0.035       0.029
cogproc          0.0971      0.027      3.608      0.000       0.044       0.150
certain         -0.2062      0.037     -5.634      0.000      -0.278      -0.134
social           0.0137      0.012      1.121      0.263      -0.010       0.038
family          -0.0135      0.031     -0.438      0.662      -0.074       0.047
drives           0.0309      0.027      1.130      0.259      -0.023       0.085
affiliation     -0.0218      0.036     -0.601      0.548      -0.093       0.050
leisure         -0.0044      0.014     -0.313      0.754      -0.032       0.023
home             0.0251      0.022      1.151      0.251      -0.018       0.068
affect           0.0055      0.010      0.570      0.569      -0.013       0.024
negemo          -0.0934      0.016     -5.849      0.000      -0.125      -0.062
anger            0.1189      0.032      3.670      0.000       0.055       0.183
death           -0.0691      0.040     -1.738      0.083      -0.147       0.009
function        -0.0452      0.012     -3.917      0.000      -0.068      -0.023
prep             0.0559      0.013      4.241      0.000       0.030       0.082
relativ          0.0999      0.048      2.096      0.037       0.006       0.194
space           -0.1297      0.046     -2.794      0.006      -0.221      -0.038
article          0.0496      0.020      2.474      0.014       0.010       0.089
power            0.0036      0.026      0.140      0.889      -0.047       0.054
obj             -0.0075      0.006     -1.340      0.181      -0.019       0.004
_                0.0018      0.005      0.393      0.694      -0.007       0.011
parataxis        0.0019      0.006      0.331      0.741      -0.010       0.014
compound        -0.0051      0.009     -0.590      0.556      -0.022       0.012
informal         0.0767      0.026      2.979      0.003       0.026       0.127
netspeak        -0.0446      0.024     -1.894      0.059      -0.091       0.002
assent          -0.0693      0.044     -1.572      0.117      -0.156       0.017
auxverb          0.0612      0.013      4.682      0.000       0.035       0.087
verb            -0.0952      0.014     -6.948      0.000      -0.122      -0.068
focuspast       -0.0011      0.016     -0.067      0.947      -0.033       0.031
tentat          -0.0624      0.023     -2.757      0.006      -0.107      -0.018
motion          -0.0349      0.046     -0.758      0.449      -0.125       0.056
bio              0.0355      0.031      1.148      0.252      -0.025       0.096
sexual          -0.1549      0.044     -3.482      0.001      -0.242      -0.067
focuspresent     0.0352      0.013      2.714      0.007       0.010       0.061
swear           -0.0975      0.028     -3.482      0.001      -0.153      -0.042
nonflu          -0.0601      0.033     -1.802      0.072      -0.126       0.006
adj             -0.0514      0.015     -3.322      0.001      -0.082      -0.021
percept         -0.0600      0.049     -1.213      0.226      -0.157       0.037
see              0.1244      0.051      2.461      0.014       0.025       0.224
feel             0.0213      0.049      0.431      0.667      -0.076       0.118
nmod_poss       -0.0142      0.008     -1.765      0.078      -0.030       0.002
appos            0.0073      0.024      0.300      0.764      -0.041       0.055
compound_prt    -0.0124      0.012     -1.070      0.285      -0.035       0.010
pronoun          0.0281      0.012      2.310      0.021       0.004       0.052
ppron            0.0059      0.010      0.578      0.564      -0.014       0.026
i                0.0327      0.014      2.345      0.020       0.005       0.060
we              -0.0230      0.032     -0.725      0.469      -0.085       0.039
vocative         0.0132      0.006      2.298      0.022       0.002       0.025
mark            -0.0031      0.010     -0.319      0.750      -0.022       0.016
advcl           -0.0087      0.013     -0.649      0.517      -0.035       0.018
adverb           0.0638      0.015      4.194      0.000       0.034       0.094
conj            -0.0059      0.008     -0.722      0.471      -0.022       0.010
interrog         0.0401      0.019      2.074      0.039       0.002       0.078
time            -0.1048      0.046     -2.255      0.025      -0.196      -0.013
you             -0.0087      0.015     -0.563      0.574      -0.039       0.022
aux             -0.0024      0.008     -0.297      0.767      -0.018       0.013
ccomp            0.0072      0.012      0.602      0.548      -0.016       0.031
they            -0.0272      0.023     -1.177      0.240      -0.073       0.018
reward           0.0404      0.030      1.348      0.179      -0.019       0.099
negate           0.1006      0.021      4.861      0.000       0.060       0.141
insight         -0.0946      0.035     -2.668      0.008      -0.164      -0.025
ipron            0.0223      0.008      2.893      0.004       0.007       0.037
focusfuture     -0.0507      0.019     -2.725      0.007      -0.087      -0.014
obl_tmod         0.0047      0.014      0.334      0.739      -0.023       0.032
discrep         -0.0268      0.028     -0.952      0.342      -0.082       0.029
compare          0.1143      0.019      5.884      0.000       0.076       0.152
posemo           0.0989      0.010      9.919      0.000       0.079       0.118
achiev          -0.0141      0.023     -0.625      0.532      -0.058       0.030
friend           0.1262      0.040      3.158      0.002       0.048       0.205
cause           -0.0934      0.032     -2.961      0.003      -0.156      -0.031
relig            0.0071      0.039      0.184      0.854      -0.069       0.083
work             0.0187      0.023      0.824      0.410      -0.026       0.063
flat            -0.0030      0.013     -0.230      0.819      -0.028       0.022
acl_relcl       -0.0199      0.018     -1.121      0.263      -0.055       0.015
amod             0.0113      0.007      1.682      0.093      -0.002       0.024
cop              0.0106      0.009      1.130      0.259      -0.008       0.029
cc               0.0091      0.009      1.065      0.288      -0.008       0.026
differ          -0.0577      0.027     -2.161      0.031      -0.110      -0.005
nmod             0.0260      0.013      1.929      0.055      -0.001       0.053
iobj             0.0144      0.021      0.698      0.485      -0.026       0.055
female          -0.0256      0.032     -0.800      0.424      -0.088       0.037
money            0.0318      0.024      1.305      0.193      -0.016       0.080
sad              0.0757      0.037      2.021      0.044       0.002       0.149
shehe            0.0320      0.027      1.180      0.239      -0.021       0.085
health          -0.0134      0.034     -0.397      0.692      -0.080       0.053
hear             0.1433      0.061      2.364      0.019       0.024       0.263
number          -0.0296      0.023     -1.291      0.198      -0.075       0.015
risk            -0.2291      0.045     -5.128      0.000      -0.317      -0.141
fixed            0.0176      0.026      0.679      0.498      -0.033       0.069
expl             0.0036      0.018      0.195      0.845      -0.032       0.040
csubj            0.0623      0.063      0.987      0.325      -0.062       0.187
body            -0.1082      0.035     -3.059      0.002      -0.178      -0.039
male            -0.0406      0.031     -1.300      0.194      -0.102       0.021
nummod          -0.0317      0.016     -2.013      0.045      -0.063      -0.001
obl_npmod        0.0124      0.058      0.213      0.831      -0.102       0.127
ingest          -0.0009      0.029     -0.030      0.976      -0.058       0.056
anx              0.0881      0.069      1.282      0.201      -0.047       0.223
goeswith        -0.1332      0.100     -1.338      0.182      -0.329       0.063
dep             -0.0091      0.030     -0.301      0.764      -0.068       0.050
det_predet      -0.0158      0.032     -0.496      0.620      -0.078       0.047
list            -0.0012      0.026     -0.044      0.965      -0.053       0.051
nmod_tmod       -0.0715      0.105     -0.683      0.495      -0.277       0.134
aux_pass        -0.0220      0.033     -0.669      0.504      -0.087       0.043
aae_count       -0.0220      0.009     -2.582      0.010      -0.039      -0.005
intercept        0.2718      0.009     31.760      0.000       0.255       0.289
==============================================================================
Omnibus:                       64.856   Durbin-Watson:                   2.174
Prob(Omnibus):                  0.000   Jarque-Bera (JB):              534.706
Skew:                          -0.274   Prob(JB):                    7.76e-117
Kurtosis:                       8.367   Cond. No.                     1.30e+16
==============================================================================

Notes:
[1] Standard Errors assume that the covariance matrix of the errors is correctly specified.
[2] The smallest eigenvalue is 7.86e-28. This might indicate that there are
strong multicollinearity problems or that the design matrix is singular.


flair_score
                            GLS Regression Results
==============================================================================
Dep. Variable:                      y   R-squared:                       0.766
Model:                            GLS   Adj. R-squared:                  0.689
Method:                 Least Squares   F-statistic:                     9.925
Date:                Wed, 20 Mar 2024   Prob (F-statistic):           1.63e-59
Time:                        23:04:05   Log-Likelihood:                 70.049
No. Observations:                 441   AIC:                             79.90
Df Residuals:                     331   BIC:                             529.7
Df Model:                         109
Covariance Type:            nonrobust
================================================================================
                   coef    std err          t      P>|t|      [0.025      0.975]
--------------------------------------------------------------------------------
nsubj            0.0123      0.020      0.616      0.538      -0.027       0.052
advmod          -0.0049      0.015     -0.336      0.737      -0.034       0.024
root             0.1844      0.027      6.720      0.000       0.130       0.238
xcomp           -0.0289      0.022     -1.294      0.197      -0.073       0.015
case             0.0099      0.036      0.275      0.783      -0.061       0.080
obl              0.0004      0.039      0.010      0.992      -0.076       0.076
acl             -0.1267      0.063     -2.006      0.046      -0.251      -0.002
det             -0.0125      0.019     -0.665      0.506      -0.049       0.024
discourse       -0.0006      0.019     -0.033      0.974      -0.038       0.037
quant            0.0889      0.051      1.730      0.085      -0.012       0.190
cogproc         -0.4019      0.086     -4.656      0.000      -0.572      -0.232
certain          0.2738      0.117      2.333      0.020       0.043       0.505
social          -0.0421      0.039     -1.071      0.285      -0.119       0.035
family          -0.0224      0.099     -0.227      0.821      -0.217       0.172
drives          -0.1624      0.088     -1.853      0.065      -0.335       0.010
affiliation      0.2104      0.117      1.805      0.072      -0.019       0.440
leisure         -0.0391      0.045     -0.865      0.388      -0.128       0.050
home            -0.0985      0.070     -1.408      0.160      -0.236       0.039
affect           0.0007      0.031      0.023      0.982      -0.060       0.062
negemo          -0.1575      0.051     -3.075      0.002      -0.258      -0.057
anger            0.0531      0.104      0.511      0.610      -0.151       0.258
death            0.2363      0.128      1.853      0.065      -0.015       0.487
function         0.0832      0.037      2.247      0.025       0.010       0.156
prep             0.0086      0.042      0.203      0.839      -0.075       0.092
relativ          0.2009      0.153      1.315      0.190      -0.100       0.502
space           -0.3102      0.149     -2.082      0.038      -0.603      -0.017
article         -0.0204      0.064     -0.317      0.751      -0.147       0.106
power            0.1228      0.082      1.494      0.136      -0.039       0.285
obj              0.0296      0.018      1.644      0.101      -0.006       0.065
_                0.0035      0.015      0.238      0.812      -0.025       0.032
parataxis       -0.0040      0.019     -0.210      0.834      -0.041       0.033
compound         0.0219      0.028      0.795      0.427      -0.032       0.076
informal         0.3225      0.083      3.906      0.000       0.160       0.485
netspeak        -0.2585      0.076     -3.421      0.001      -0.407      -0.110
assent          -0.0860      0.142     -0.608      0.544      -0.364       0.192
auxverb         -0.0540      0.042     -1.289      0.198      -0.137       0.028
verb             0.1379      0.044      3.139      0.002       0.052       0.224
focuspast       -0.2286      0.052     -4.360      0.000      -0.332      -0.125
tentat           0.0809      0.073      1.114      0.266      -0.062       0.224
motion          -0.1436      0.148     -0.973      0.331      -0.434       0.147
bio              0.2009      0.099      2.027      0.044       0.006       0.396
sexual          -0.3515      0.143     -2.463      0.014      -0.632      -0.071
focuspresent    -0.1403      0.042     -3.377      0.001      -0.222      -0.059
swear           -0.2435      0.090     -2.712      0.007      -0.420      -0.067
nonflu          -0.1007      0.107     -0.941      0.347      -0.311       0.110
adj             -0.0726      0.050     -1.463      0.144      -0.170       0.025
percept         -0.2833      0.159     -1.785      0.075      -0.596       0.029
see              0.4075      0.162      2.513      0.012       0.089       0.726
feel             0.3300      0.158      2.084      0.038       0.018       0.642
nmod_poss       -0.0149      0.026     -0.575      0.565      -0.066       0.036
appos            0.0268      0.078      0.343      0.732      -0.127       0.181
compound_prt     0.0470      0.037      1.271      0.205      -0.026       0.120
pronoun         -0.0858      0.039     -2.196      0.029      -0.163      -0.009
ppron           -0.0268      0.033     -0.821      0.412      -0.091       0.037
i                0.0412      0.045      0.922      0.357      -0.047       0.129
we               0.2446      0.102      2.406      0.017       0.045       0.445
vocative        -0.0329      0.018     -1.783      0.076      -0.069       0.003
mark             0.0225      0.031      0.734      0.463      -0.038       0.083
advcl           -0.0484      0.043     -1.132      0.259      -0.133       0.036
adverb          -0.0298      0.049     -0.610      0.542      -0.126       0.066
conj            -0.0117      0.026     -0.446      0.656      -0.063       0.040
interrog        -0.0770      0.062     -1.241      0.216      -0.199       0.045
time            -0.1305      0.149     -0.875      0.382      -0.424       0.163
you             -0.0792      0.049     -1.603      0.110      -0.176       0.018
aux              0.0106      0.026      0.413      0.680      -0.040       0.061
ccomp           -0.0461      0.038     -1.203      0.230      -0.121       0.029
they            -0.0619      0.074     -0.836      0.404      -0.208       0.084
reward           0.2763      0.096      2.876      0.004       0.087       0.465
negate           0.0278      0.066      0.419      0.675      -0.103       0.158
insight          0.6016      0.114      5.292      0.000       0.378       0.825
ipron           -0.0590      0.025     -2.390      0.017      -0.108      -0.010
focusfuture     -0.0032      0.060     -0.054      0.957      -0.121       0.114
obl_tmod         0.1006      0.045      2.246      0.025       0.012       0.189
discrep          0.2499      0.090      2.766      0.006       0.072       0.428
compare         -0.0415      0.062     -0.666      0.506      -0.164       0.081
posemo           0.1582      0.032      4.947      0.000       0.095       0.221
achiev           0.2477      0.072      3.423      0.001       0.105       0.390
friend          -0.0292      0.128     -0.228      0.820      -0.281       0.223
cause            0.5354      0.101      5.290      0.000       0.336       0.735
relig           -0.1045      0.124     -0.845      0.399      -0.348       0.139
work            -0.2208      0.073     -3.035      0.003      -0.364      -0.078
flat             0.0009      0.041      0.022      0.982      -0.080       0.082
acl_relcl       -0.0708      0.057     -1.242      0.215      -0.183       0.041
amod            -0.0047      0.022     -0.219      0.827      -0.047       0.038
cop              0.0091      0.030      0.302      0.763      -0.050       0.069
cc              -0.0149      0.027     -0.545      0.586      -0.069       0.039
differ           0.2088      0.086      2.437      0.015       0.040       0.377
nmod             0.0234      0.043      0.541      0.589      -0.062       0.108
iobj            -0.0449      0.066     -0.678      0.498      -0.175       0.085
female           0.0482      0.102      0.471      0.638      -0.153       0.250
money            0.2196      0.078      2.811      0.005       0.066       0.373
sad              0.1603      0.120      1.334      0.183      -0.076       0.397
shehe           -0.1715      0.087     -1.972      0.049      -0.343      -0.000
health          -0.1155      0.108     -1.067      0.287      -0.328       0.097
hear             0.5830      0.194      2.998      0.003       0.200       0.965
number          -0.2915      0.073     -3.967      0.000      -0.436      -0.147
risk             0.2996      0.143      2.091      0.037       0.018       0.581
fixed            0.0023      0.083      0.027      0.978      -0.162       0.166
expl            -0.0053      0.059     -0.090      0.928      -0.121       0.110
csubj           -0.1936      0.203     -0.956      0.340      -0.592       0.205
body            -0.2644      0.113     -2.331      0.020      -0.488      -0.041
male             0.1318      0.100      1.318      0.189      -0.065       0.329
nummod           0.0019      0.050      0.038      0.970      -0.097       0.101
obl_npmod       -0.0031      0.187     -0.017      0.987      -0.371       0.365
ingest          -0.0692      0.093     -0.742      0.459      -0.253       0.114
anx             -0.2974      0.221     -1.348      0.179      -0.731       0.137
goeswith         0.2031      0.319      0.636      0.525      -0.425       0.831
dep              0.0288      0.097      0.298      0.766      -0.161       0.219
det_predet       0.0011      0.102      0.011      0.991      -0.200       0.202
list             0.0132      0.084      0.157      0.876      -0.153       0.179
nmod_tmod       -0.0857      0.336     -0.255      0.799      -0.746       0.575
aux_pass         0.0175      0.106      0.166      0.868      -0.190       0.225
aae_count       -0.0451      0.027     -1.649      0.100      -0.099       0.009
intercept        0.1844      0.027      6.720      0.000       0.130       0.238
==============================================================================
Omnibus:                       36.296   Durbin-Watson:                   1.893
Prob(Omnibus):                  0.000   Jarque-Bera (JB):              129.098
Skew:                           0.255   Prob(JB):                     9.26e-29
Kurtosis:                       5.601   Cond. No.                     1.30e+16
==============================================================================

Notes:
[1] Standard Errors assume that the covariance matrix of the errors is correctly specified.
[2] The smallest eigenvalue is 7.86e-28. This might indicate that there are
strong multicollinearity problems or that the design matrix is singular.


vader_score
                            GLS Regression Results
==============================================================================
Dep. Variable:                      y   R-squared:                       0.822
Model:                            GLS   Adj. R-squared:                  0.764
Method:                 Least Squares   F-statistic:                     14.07
Date:                Wed, 20 Mar 2024   Prob (F-statistic):           8.31e-78
Time:                        23:04:05   Log-Likelihood:                 516.17
No. Observations:                 441   AIC:                            -812.3
Df Residuals:                     331   BIC:                            -362.5
Df Model:                         109
Covariance Type:            nonrobust
================================================================================
                   coef    std err          t      P>|t|      [0.025      0.975]
--------------------------------------------------------------------------------
nsubj            0.0027      0.007      0.368      0.713      -0.012       0.017
advmod          -0.0063      0.005     -1.184      0.237      -0.017       0.004
root             0.0944      0.010      9.456      0.000       0.075       0.114
xcomp           -0.0042      0.008     -0.515      0.607      -0.020       0.012
case             0.0035      0.013      0.267      0.789      -0.022       0.029
obl             -0.0116      0.014     -0.822      0.412      -0.039       0.016
acl              0.0309      0.023      1.347      0.179      -0.014       0.076
det              0.0027      0.007      0.397      0.692      -0.011       0.016
discourse       -0.0059      0.007     -0.840      0.402      -0.020       0.008
quant            0.0254      0.019      1.359      0.175      -0.011       0.062
cogproc         -0.0770      0.031     -2.454      0.015      -0.139      -0.015
certain          0.1062      0.043      2.488      0.013       0.022       0.190
social          -0.0013      0.014     -0.088      0.930      -0.029       0.027
family          -0.0279      0.036     -0.776      0.438      -0.099       0.043
drives           0.1053      0.032      3.303      0.001       0.043       0.168
affiliation     -0.0806      0.042     -1.901      0.058      -0.164       0.003
leisure         -0.0026      0.016     -0.161      0.872      -0.035       0.030
home            -0.0205      0.025     -0.807      0.420      -0.071       0.030
affect           0.1216      0.011     10.794      0.000       0.099       0.144
negemo           0.2425      0.019     13.022      0.000       0.206       0.279
anger           -0.1970      0.038     -5.213      0.000      -0.271      -0.123
death            0.1347      0.046      2.903      0.004       0.043       0.226
function         0.0215      0.013      1.598      0.111      -0.005       0.048
prep            -0.0393      0.015     -2.557      0.011      -0.069      -0.009
relativ         -0.2548      0.056     -4.584      0.000      -0.364      -0.145
space            0.2166      0.054      3.999      0.000       0.110       0.323
article         -0.0246      0.023     -1.051      0.294      -0.071       0.021
power           -0.0508      0.030     -1.700      0.090      -0.110       0.008
obj             -0.0083      0.007     -1.263      0.207      -0.021       0.005
_               -0.0014      0.005     -0.259      0.796      -0.012       0.009
parataxis        0.0005      0.007      0.075      0.940      -0.013       0.014
compound        -0.0023      0.010     -0.232      0.817      -0.022       0.017
informal         0.0172      0.030      0.573      0.567      -0.042       0.076
netspeak        -0.0280      0.027     -1.020      0.308      -0.082       0.026
assent           0.0401      0.051      0.780      0.436      -0.061       0.141
auxverb         -0.0008      0.015     -0.055      0.956      -0.031       0.029
verb             0.0017      0.016      0.109      0.913      -0.030       0.033
focuspast        0.0651      0.019      3.413      0.001       0.028       0.103
tentat           0.0213      0.026      0.808      0.420      -0.031       0.073
motion           0.2833      0.054      5.277      0.000       0.178       0.389
bio             -0.0519      0.036     -1.440      0.151      -0.123       0.019
sexual           0.0425      0.052      0.819      0.413      -0.060       0.145
focuspresent     0.0054      0.015      0.356      0.722      -0.024       0.035
swear            0.1074      0.033      3.289      0.001       0.043       0.172
nonflu          -0.1262      0.039     -3.244      0.001      -0.203      -0.050
adj             -0.0366      0.018     -2.027      0.043      -0.072      -0.001
percept         -0.0569      0.058     -0.986      0.325      -0.170       0.057
see              0.0602      0.059      1.020      0.308      -0.056       0.176
feel             0.0971      0.058      1.686      0.093      -0.016       0.210
nmod_poss        0.0101      0.009      1.072      0.284      -0.008       0.029
appos           -0.0290      0.028     -1.019      0.309      -0.085       0.027
compound_prt     0.0122      0.013      0.903      0.367      -0.014       0.039
pronoun         -0.0481      0.014     -3.385      0.001      -0.076      -0.020
ppron           -0.0189      0.012     -1.589      0.113      -0.042       0.004
i                0.0112      0.016      0.692      0.490      -0.021       0.043
we              -0.0270      0.037     -0.732      0.465      -0.100       0.046
vocative         0.0013      0.007      0.193      0.847      -0.012       0.015
mark            -0.0014      0.011     -0.128      0.898      -0.023       0.020
advcl            0.0025      0.016      0.160      0.873      -0.028       0.033
adverb          -0.0338      0.018     -1.903      0.058      -0.069       0.001
conj             0.0017      0.010      0.184      0.854      -0.017       0.020
interrog         0.0299      0.023      1.324      0.186      -0.015       0.074
time             0.2371      0.054      4.374      0.000       0.130       0.344
you             -0.0285      0.018     -1.587      0.113      -0.064       0.007
aux              0.0017      0.009      0.184      0.854      -0.017       0.020
ccomp           -0.0001      0.014     -0.011      0.991      -0.028       0.027
they            -0.0320      0.027     -1.189      0.235      -0.085       0.021
reward          -0.1789      0.035     -5.121      0.000      -0.248      -0.110
negate           0.0072      0.024      0.298      0.766      -0.040       0.055
insight          0.1484      0.041      3.591      0.000       0.067       0.230
ipron           -0.0292      0.009     -3.254      0.001      -0.047      -0.012
focusfuture     -0.0037      0.022     -0.168      0.866      -0.046       0.039
obl_tmod        -0.0184      0.016     -1.130      0.259      -0.050       0.014
discrep          0.0396      0.033      1.205      0.229      -0.025       0.104
compare          0.0080      0.023      0.352      0.725      -0.037       0.053
posemo          -0.1209      0.012    -10.399      0.000      -0.144      -0.098
achiev          -0.0441      0.026     -1.678      0.094      -0.096       0.008
friend          -0.0774      0.047     -1.659      0.098      -0.169       0.014
cause            0.0550      0.037      1.493      0.136      -0.017       0.127
relig           -0.1265      0.045     -2.813      0.005      -0.215      -0.038
work             0.0255      0.026      0.964      0.336      -0.027       0.078
flat            -0.0070      0.015     -0.469      0.640      -0.037       0.022
acl_relcl        0.0234      0.021      1.126      0.261      -0.017       0.064
amod             0.0045      0.008      0.571      0.569      -0.011       0.020
cop             -0.0082      0.011     -0.746      0.456      -0.030       0.013
cc               0.0010      0.010      0.102      0.919      -0.019       0.021
differ           0.0401      0.031      1.289      0.198      -0.021       0.101
nmod            -0.0264      0.016     -1.679      0.094      -0.057       0.005
iobj             0.0043      0.024      0.178      0.858      -0.043       0.052
female           0.0165      0.037      0.442      0.658      -0.057       0.090
money           -0.1074      0.028     -3.779      0.000      -0.163      -0.051
sad             -0.0283      0.044     -0.648      0.517      -0.114       0.058
shehe            0.0575      0.032      1.816      0.070      -0.005       0.120
health           0.1330      0.039      3.380      0.001       0.056       0.210
hear            -0.0526      0.071     -0.744      0.458      -0.192       0.087
number          -0.0164      0.027     -0.615      0.539      -0.069       0.036
risk            -0.0357      0.052     -0.685      0.494      -0.138       0.067
fixed            0.0127      0.030      0.418      0.676      -0.047       0.072
expl             0.0056      0.021      0.263      0.793      -0.036       0.048
csubj            0.0346      0.074      0.469      0.639      -0.110       0.179
body             0.0298      0.041      0.724      0.470      -0.051       0.111
male            -0.0465      0.036     -1.279      0.202      -0.118       0.025
nummod          -0.0149      0.018     -0.813      0.417      -0.051       0.021
obl_npmod       -0.0081      0.068     -0.119      0.905      -0.142       0.126
ingest           0.0530      0.034      1.563      0.119      -0.014       0.120
anx             -0.0671      0.080     -0.836      0.404      -0.225       0.091
goeswith        -0.1052      0.116     -0.907      0.365      -0.334       0.123
dep             -0.0194      0.035     -0.553      0.581      -0.089       0.050
det_predet      -0.0044      0.037     -0.119      0.906      -0.077       0.069
list            -0.0066      0.031     -0.215      0.830      -0.067       0.054
nmod_tmod       -0.0146      0.122     -0.120      0.905      -0.255       0.226
aux_pass         0.0202      0.038      0.526      0.599      -0.055       0.096
aae_count       -0.0019      0.010     -0.192      0.848      -0.021       0.018
intercept        0.0944      0.010      9.456      0.000       0.075       0.114
==============================================================================
Omnibus:                      125.824   Durbin-Watson:                   2.027
Prob(Omnibus):                  0.000   Jarque-Bera (JB):             1252.035
Skew:                           0.913   Prob(JB):                    1.33e-272
Kurtosis:                      11.050   Cond. No.                     1.30e+16
==============================================================================

Notes:
[1] Standard Errors assume that the covariance matrix of the errors is correctly specified.
[2] The smallest eigenvalue is 7.86e-28. This might indicate that there are
strong multicollinearity problems or that the design matrix is singular.


perspective_score
                            GLS Regression Results
==============================================================================
Dep. Variable:                      y   R-squared:                       0.898
Model:                            GLS   Adj. R-squared:                  0.864
Method:                 Least Squares   F-statistic:                     26.72
Date:                Wed, 20 Mar 2024   Prob (F-statistic):          1.45e-115
Time:                        23:04:05   Log-Likelihood:                 532.03
No. Observations:                 441   AIC:                            -844.1
Df Residuals:                     331   BIC:                            -394.3
Df Model:                         109
Covariance Type:            nonrobust
================================================================================
                   coef    std err          t      P>|t|      [0.025      0.975]
--------------------------------------------------------------------------------
nsubj           -0.0023      0.007     -0.332      0.740      -0.016       0.011
advmod          -0.0050      0.005     -0.977      0.329      -0.015       0.005
root             0.0921      0.010      9.564      0.000       0.073       0.111
xcomp           -0.0095      0.008     -1.204      0.229      -0.025       0.006
case             0.0310      0.013      2.461      0.014       0.006       0.056
obl             -0.0367      0.014     -2.705      0.007      -0.063      -0.010
acl              0.0087      0.022      0.391      0.696      -0.035       0.052
det              0.0034      0.007      0.524      0.601      -0.009       0.016
discourse        0.0002      0.007      0.024      0.980      -0.013       0.013
quant            0.0474      0.018      2.631      0.009       0.012       0.083
cogproc         -0.0206      0.030     -0.681      0.497      -0.080       0.039
certain          0.0177      0.041      0.430      0.668      -0.063       0.099
social          -0.0294      0.014     -2.137      0.033      -0.057      -0.002
family           0.0440      0.035      1.269      0.205      -0.024       0.112
drives           0.1533      0.031      4.987      0.000       0.093       0.214
affiliation     -0.1837      0.041     -4.492      0.000      -0.264      -0.103
leisure          0.0093      0.016      0.585      0.559      -0.022       0.040
home             0.0696      0.025      2.837      0.005       0.021       0.118
affect           0.0392      0.011      3.610      0.000       0.018       0.061
negemo           0.0935      0.018      5.202      0.000       0.058       0.129
anger           -0.1523      0.036     -4.176      0.000      -0.224      -0.081
death           -0.0113      0.045     -0.252      0.801      -0.099       0.077
function         0.0015      0.013      0.118      0.906      -0.024       0.027
prep            -0.0199      0.015     -1.342      0.180      -0.049       0.009
relativ         -0.1537      0.054     -2.868      0.004      -0.259      -0.048
space            0.1219      0.052      2.334      0.020       0.019       0.225
article          0.0315      0.023      1.395      0.164      -0.013       0.076
power            0.0009      0.029      0.030      0.976      -0.056       0.058
obj              0.0063      0.006      0.997      0.320      -0.006       0.019
_               -0.0092      0.005     -1.798      0.073      -0.019       0.001
parataxis        0.0125      0.007      1.895      0.059      -0.000       0.026
compound        -0.0261      0.010     -2.700      0.007      -0.045      -0.007
informal         0.0125      0.029      0.432      0.666      -0.044       0.069
netspeak        -0.0324      0.027     -1.221      0.223      -0.085       0.020
assent          -0.1020      0.050     -2.055      0.041      -0.200      -0.004
auxverb          0.0170      0.015      1.159      0.247      -0.012       0.046
verb            -0.0305      0.015     -1.977      0.049      -0.061      -0.000
focuspast        0.0497      0.018      2.704      0.007       0.014       0.086
tentat          -0.0941      0.025     -3.695      0.000      -0.144      -0.044
motion           0.1970      0.052      3.803      0.000       0.095       0.299
bio              0.0917      0.035      2.637      0.009       0.023       0.160
sexual           0.0213      0.050      0.426      0.670      -0.077       0.120
focuspresent     0.0178      0.015      1.223      0.222      -0.011       0.046
swear            0.3037      0.031      9.642      0.000       0.242       0.366
nonflu          -0.0639      0.038     -1.703      0.090      -0.138       0.010
adj             -0.0203      0.017     -1.167      0.244      -0.055       0.014
percept         -0.1518      0.056     -2.727      0.007      -0.261      -0.042
see              0.1905      0.057      3.350      0.001       0.079       0.302
feel             0.1681      0.056      3.026      0.003       0.059       0.277
nmod_poss       -0.0020      0.009     -0.221      0.825      -0.020       0.016
appos            0.0425      0.027      1.547      0.123      -0.012       0.096
compound_prt    -0.0088      0.013     -0.677      0.499      -0.034       0.017
pronoun          0.0184      0.014      1.344      0.180      -0.009       0.045
ppron            0.0392      0.011      3.420      0.001       0.017       0.062
i               -0.0532      0.016     -3.388      0.001      -0.084      -0.022
we               0.0119      0.036      0.335      0.738      -0.058       0.082
vocative        -0.0044      0.006     -0.684      0.494      -0.017       0.008
mark             0.0086      0.011      0.797      0.426      -0.013       0.030
advcl            0.0034      0.015      0.230      0.819      -0.026       0.033
adverb           0.0039      0.017      0.229      0.819      -0.030       0.038
conj             0.0024      0.009      0.266      0.791      -0.016       0.020
interrog         0.0228      0.022      1.048      0.295      -0.020       0.066
time             0.1237      0.052      2.365      0.019       0.021       0.227
you              0.0323      0.017      1.863      0.063      -0.002       0.066
aux             -0.0036      0.009     -0.399      0.690      -0.021       0.014
ccomp           -0.0119      0.013     -0.884      0.377      -0.038       0.015
they             0.0281      0.026      1.080      0.281      -0.023       0.079
reward          -0.2417      0.034     -7.172      0.000      -0.308      -0.175
negate           0.0729      0.023      3.129      0.002       0.027       0.119
insight          0.0717      0.040      1.798      0.073      -0.007       0.150
ipron           -0.0208      0.009     -2.402      0.017      -0.038      -0.004
focusfuture      0.0524      0.021      2.502      0.013       0.011       0.094
obl_tmod        -0.0128      0.016     -0.815      0.416      -0.044       0.018
discrep         -0.0491      0.032     -1.548      0.123      -0.111       0.013
compare          0.0324      0.022      1.484      0.139      -0.011       0.075
posemo          -0.0542      0.011     -4.834      0.000      -0.076      -0.032
achiev          -0.1237      0.025     -4.874      0.000      -0.174      -0.074
friend           0.0195      0.045      0.435      0.664      -0.069       0.108
cause            0.0081      0.036      0.228      0.820      -0.062       0.078
relig           -0.1060      0.043     -2.444      0.015      -0.191      -0.021
work             0.0510      0.026      1.998      0.047       0.001       0.101
flat            -0.0081      0.014     -0.563      0.574      -0.037       0.020
acl_relcl        0.0321      0.020      1.607      0.109      -0.007       0.071
amod             0.0036      0.008      0.483      0.629      -0.011       0.018
cop             -0.0096      0.011     -0.903      0.367      -0.030       0.011
cc               0.0050      0.010      0.522      0.602      -0.014       0.024
differ           0.0015      0.030      0.049      0.961      -0.058       0.061
nmod            -0.0474      0.015     -3.127      0.002      -0.077      -0.018
iobj            -0.0036      0.023     -0.155      0.877      -0.049       0.042
female           0.0859      0.036      2.388      0.017       0.015       0.157
money           -0.0537      0.027     -1.961      0.051      -0.108       0.000
sad             -0.0086      0.042     -0.203      0.839      -0.091       0.074
shehe            0.0201      0.031      0.658      0.511      -0.040       0.080
health           0.0040      0.038      0.106      0.915      -0.071       0.079
hear             0.1031      0.068      1.512      0.131      -0.031       0.237
number          -0.0521      0.026     -2.021      0.044      -0.103      -0.001
risk            -0.1653      0.050     -3.288      0.001      -0.264      -0.066
fixed            0.0542      0.029      1.855      0.064      -0.003       0.112
expl            -0.0050      0.021     -0.244      0.807      -0.046       0.036
csubj           -0.0704      0.071     -0.991      0.322      -0.210       0.069
body            -0.0440      0.040     -1.105      0.270      -0.122       0.034
male             0.0149      0.035      0.423      0.672      -0.054       0.084
nummod           0.0045      0.018      0.253      0.800      -0.030       0.039
obl_npmod       -0.0264      0.066     -0.402      0.688      -0.155       0.103
ingest          -0.0403      0.033     -1.231      0.219      -0.105       0.024
anx              0.0588      0.077      0.760      0.448      -0.093       0.211
goeswith        -0.1872      0.112     -1.671      0.096      -0.407       0.033
dep             -0.0092      0.034     -0.271      0.787      -0.076       0.058
det_predet       0.0382      0.036      1.065      0.288      -0.032       0.109
list            -0.0009      0.030     -0.031      0.975      -0.059       0.057
nmod_tmod       -0.1870      0.118     -1.588      0.113      -0.419       0.045
aux_pass         0.0120      0.037      0.323      0.747      -0.061       0.085
aae_count       -0.0206      0.010     -2.144      0.033      -0.039      -0.002
intercept        0.0921      0.010      9.564      0.000       0.073       0.111
==============================================================================
Omnibus:                       88.602   Durbin-Watson:                   1.993
Prob(Omnibus):                  0.000   Jarque-Bera (JB):              643.080
Skew:                           0.633   Prob(JB):                    2.27e-140
Kurtosis:                       8.779   Cond. No.                     1.30e+16
==============================================================================

Notes:
[1] Standard Errors assume that the covariance matrix of the errors is correctly specified.
[2] The smallest eigenvalue is 7.86e-28. This might indicate that there are
strong multicollinearity problems or that the design matrix is singular.


detoxify_original_score
                            GLS Regression Results
==============================================================================
Dep. Variable:                      y   R-squared:                       0.885
Model:                            GLS   Adj. R-squared:                  0.846
Method:                 Least Squares   F-statistic:                     23.26
Date:                Wed, 20 Mar 2024   Prob (F-statistic):          5.00e-107
Time:                        23:04:05   Log-Likelihood:                 324.03
No. Observations:                 441   AIC:                            -428.1
Df Residuals:                     331   BIC:                             21.73
Df Model:                         109
Covariance Type:            nonrobust
================================================================================
                   coef    std err          t      P>|t|      [0.025      0.975]
--------------------------------------------------------------------------------
nsubj            0.0003      0.011      0.028      0.978      -0.022       0.022
advmod          -0.0067      0.008     -0.808      0.420      -0.023       0.010
root             0.0496      0.015      3.216      0.001       0.019       0.080
xcomp           -0.0021      0.013     -0.165      0.869      -0.027       0.023
case             0.0048      0.020      0.240      0.810      -0.035       0.044
obl             -0.0185      0.022     -0.852      0.395      -0.061       0.024
acl              0.0025      0.036      0.070      0.944      -0.067       0.072
det              0.0121      0.011      1.153      0.250      -0.009       0.033
discourse        0.0077      0.011      0.707      0.480      -0.014       0.029
quant            0.0963      0.029      3.332      0.001       0.039       0.153
cogproc         -0.0018      0.049     -0.037      0.971      -0.097       0.094
certain          0.0302      0.066      0.457      0.648      -0.100       0.160
social          -0.0089      0.022     -0.402      0.688      -0.052       0.035
family          -0.0968      0.056     -1.744      0.082      -0.206       0.012
drives           0.2001      0.049      4.061      0.000       0.103       0.297
affiliation     -0.1903      0.066     -2.904      0.004      -0.319      -0.061
leisure         -0.0403      0.025     -1.586      0.114      -0.090       0.010
home             0.1686      0.039      4.286      0.000       0.091       0.246
affect           0.0196      0.017      1.125      0.262      -0.015       0.054
negemo           0.0450      0.029      1.562      0.119      -0.012       0.102
anger           -0.0791      0.058     -1.354      0.177      -0.194       0.036
death           -0.0567      0.072     -0.790      0.430      -0.198       0.084
function         0.0145      0.021      0.697      0.486      -0.026       0.055
prep            -0.0375      0.024     -1.581      0.115      -0.084       0.009
relativ          0.0141      0.086      0.164      0.870      -0.155       0.183
space            0.0119      0.084      0.142      0.887      -0.153       0.177
article         -0.0557      0.036     -1.540      0.124      -0.127       0.015
power           -0.0227      0.046     -0.491      0.623      -0.114       0.068
obj             -0.0005      0.010     -0.045      0.964      -0.020       0.019
_               -0.0168      0.008     -2.046      0.042      -0.033      -0.001
parataxis        0.0094      0.011      0.883      0.378      -0.011       0.030
compound        -0.0333      0.016     -2.145      0.033      -0.064      -0.003
informal        -0.0013      0.046     -0.027      0.978      -0.093       0.090
netspeak         0.0216      0.042      0.507      0.612      -0.062       0.105
assent          -0.1773      0.080     -2.229      0.027      -0.334      -0.021
auxverb          0.0720      0.024      3.053      0.002       0.026       0.118
verb            -0.0387      0.025     -1.568      0.118      -0.087       0.010
focuspast        0.0072      0.029      0.244      0.807      -0.051       0.065
tentat          -0.1803      0.041     -4.415      0.000      -0.261      -0.100
motion           0.0551      0.083      0.664      0.507      -0.108       0.218
bio              0.1125      0.056      2.018      0.044       0.003       0.222
sexual           0.1960      0.080      2.443      0.015       0.038       0.354
focuspresent    -0.0210      0.023     -0.899      0.369      -0.067       0.025
swear            0.3143      0.050      6.225      0.000       0.215       0.414
nonflu          -0.0515      0.060     -0.857      0.392      -0.170       0.067
adj             -0.0751      0.028     -2.691      0.007      -0.130      -0.020
percept         -0.4395      0.089     -4.926      0.000      -0.615      -0.264
see              0.5331      0.091      5.850      0.000       0.354       0.712
feel             0.4097      0.089      4.602      0.000       0.235       0.585
nmod_poss        0.0081      0.015      0.560      0.576      -0.020       0.037
appos            0.1219      0.044      2.771      0.006       0.035       0.209
compound_prt    -0.0114      0.021     -0.549      0.584      -0.052       0.030
pronoun         -0.0063      0.022     -0.286      0.775      -0.049       0.037
ppron            0.0033      0.018      0.180      0.857      -0.033       0.039
i               -0.0104      0.025     -0.414      0.679      -0.060       0.039
we               0.0099      0.057      0.173      0.863      -0.103       0.122
vocative         0.0084      0.010      0.805      0.421      -0.012       0.029
mark             0.0087      0.017      0.504      0.614      -0.025       0.043
advcl           -0.0071      0.024     -0.294      0.769      -0.054       0.040
adverb           0.0030      0.027      0.111      0.912      -0.051       0.057
conj             0.0052      0.015      0.351      0.726      -0.024       0.034
interrog        -0.0083      0.035     -0.237      0.813      -0.077       0.060
time            -0.0169      0.084     -0.202      0.840      -0.182       0.148
you              0.0657      0.028      2.366      0.019       0.011       0.120
aux              0.0049      0.015      0.339      0.735      -0.024       0.033
ccomp           -0.0366      0.022     -1.699      0.090      -0.079       0.006
they            -0.0133      0.042     -0.319      0.750      -0.095       0.069
reward          -0.3168      0.054     -5.866      0.000      -0.423      -0.211
negate           0.0204      0.037      0.547      0.585      -0.053       0.094
insight          0.1417      0.064      2.218      0.027       0.016       0.267
ipron           -0.0096      0.014     -0.691      0.490      -0.037       0.018
focusfuture      0.0506      0.034      1.507      0.133      -0.015       0.117
obl_tmod         0.0080      0.025      0.316      0.752      -0.042       0.057
discrep         -0.0565      0.051     -1.112      0.267      -0.156       0.043
compare          0.0783      0.035      2.235      0.026       0.009       0.147
posemo          -0.0254      0.018     -1.412      0.159      -0.061       0.010
achiev          -0.0488      0.041     -1.201      0.231      -0.129       0.031
friend          -0.0941      0.072     -1.305      0.193      -0.236       0.048
cause            0.0034      0.057      0.060      0.952      -0.109       0.115
relig           -0.0439      0.070     -0.632      0.528      -0.181       0.093
work          5.072e-05      0.041      0.001      0.999      -0.080       0.080
flat             0.0257      0.023      1.110      0.268      -0.020       0.071
acl_relcl        0.0308      0.032      0.961      0.337      -0.032       0.094
amod            -0.0119      0.012     -0.981      0.328      -0.036       0.012
cop             -0.0024      0.017     -0.142      0.887      -0.036       0.031
cc               0.0255      0.015      1.660      0.098      -0.005       0.056
differ          -0.0257      0.048     -0.534      0.594      -0.120       0.069
nmod            -0.0252      0.024     -1.036      0.301      -0.073       0.023
iobj             0.0181      0.037      0.486      0.627      -0.055       0.091
female           0.1754      0.058      3.044      0.003       0.062       0.289
money           -0.0414      0.044     -0.943      0.346      -0.128       0.045
sad              0.0708      0.068      1.047      0.296      -0.062       0.204
shehe           -0.0486      0.049     -0.994      0.321      -0.145       0.048
health          -0.0057      0.061     -0.093      0.926      -0.125       0.114
hear             0.2589      0.109      2.369      0.018       0.044       0.474
number          -0.0715      0.041     -1.731      0.084      -0.153       0.010
risk            -0.0765      0.081     -0.950      0.343      -0.235       0.082
fixed            0.1096      0.047      2.339      0.020       0.017       0.202
expl             0.0524      0.033      1.587      0.113      -0.013       0.117
csubj            0.0651      0.114      0.572      0.568      -0.159       0.289
body             0.0560      0.064      0.877      0.381      -0.070       0.181
male             0.0620      0.056      1.103      0.271      -0.049       0.173
nummod          -0.0358      0.028     -1.263      0.207      -0.092       0.020
obl_npmod        0.0289      0.105      0.275      0.783      -0.178       0.236
ingest           0.0148      0.052      0.282      0.778      -0.088       0.118
anx              0.4052      0.124      3.267      0.001       0.161       0.649
goeswith        -0.0534      0.179     -0.298      0.766      -0.406       0.300
dep             -0.0105      0.054     -0.194      0.847      -0.118       0.096
det_predet       0.0742      0.057      1.293      0.197      -0.039       0.187
list             0.0072      0.047      0.153      0.879      -0.086       0.101
nmod_tmod       -0.4373      0.189     -2.317      0.021      -0.809      -0.066
aux_pass         0.0201      0.059      0.339      0.735      -0.097       0.137
aae_count       -0.0092      0.015     -0.601      0.548      -0.039       0.021
intercept        0.0496      0.015      3.216      0.001       0.019       0.080
==============================================================================
Omnibus:                       68.681   Durbin-Watson:                   2.120
Prob(Omnibus):                  0.000   Jarque-Bera (JB):              481.788
Skew:                           0.412   Prob(JB):                    2.40e-105
Kurtosis:                       8.054   Cond. No.                     1.30e+16
==============================================================================

Notes:
[1] Standard Errors assume that the covariance matrix of the errors is correctly specified.
[2] The smallest eigenvalue is 7.86e-28. This might indicate that there are
strong multicollinearity problems or that the design matrix is singular.


detoxify_unbiased_score
                            GLS Regression Results
==============================================================================
Dep. Variable:                      y   R-squared:                       0.911
Model:                            GLS   Adj. R-squared:                  0.882
Method:                 Least Squares   F-statistic:                     31.21
Date:                Wed, 20 Mar 2024   Prob (F-statistic):          2.42e-125
Time:                        23:04:05   Log-Likelihood:                 378.66
No. Observations:                 441   AIC:                            -537.3
Df Residuals:                     331   BIC:                            -87.53
Df Model:                         109
Covariance Type:            nonrobust
================================================================================
                   coef    std err          t      P>|t|      [0.025      0.975]
--------------------------------------------------------------------------------
nsubj            0.0123      0.010      1.247      0.213      -0.007       0.032
advmod          -0.0150      0.007     -2.062      0.040      -0.029      -0.001
root             0.0678      0.014      4.976      0.000       0.041       0.095
xcomp           -0.0053      0.011     -0.476      0.635      -0.027       0.017
case             0.0250      0.018      1.406      0.161      -0.010       0.060
obl             -0.0441      0.019     -2.295      0.022      -0.082      -0.006
acl             -0.0048      0.031     -0.154      0.878      -0.067       0.057
det              0.0109      0.009      1.178      0.240      -0.007       0.029
discourse        0.0054      0.010      0.563      0.574      -0.013       0.024
quant            0.0475      0.026      1.860      0.064      -0.003       0.098
cogproc         -0.0071      0.043     -0.164      0.869      -0.091       0.077
certain          0.0644      0.058      1.105      0.270      -0.050       0.179
social           0.0065      0.019      0.335      0.738      -0.032       0.045
family          -0.0301      0.049     -0.614      0.540      -0.127       0.066
drives           0.2342      0.044      5.380      0.000       0.149       0.320
affiliation     -0.3042      0.058     -5.253      0.000      -0.418      -0.190
leisure         -0.0064      0.022     -0.287      0.775      -0.051       0.038
home             0.1291      0.035      3.716      0.000       0.061       0.197
affect           0.0586      0.015      3.809      0.000       0.028       0.089
negemo           0.1358      0.025      5.341      0.000       0.086       0.186
anger           -0.2808      0.052     -5.439      0.000      -0.382      -0.179
death           -0.0097      0.063     -0.153      0.879      -0.134       0.115
function         0.0145      0.018      0.787      0.432      -0.022       0.051
prep            -0.0506      0.021     -2.412      0.016      -0.092      -0.009
relativ         -0.0858      0.076     -1.130      0.259      -0.235       0.064
space            0.0756      0.074      1.022      0.308      -0.070       0.221
article         -0.0416      0.032     -1.301      0.194      -0.104       0.021
power           -0.0521      0.041     -1.275      0.203      -0.132       0.028
obj              0.0014      0.009      0.161      0.872      -0.016       0.019
_               -0.0181      0.007     -2.493      0.013      -0.032      -0.004
parataxis        0.0175      0.009      1.866      0.063      -0.001       0.036
compound        -0.0432      0.014     -3.150      0.002      -0.070      -0.016
informal         0.0795      0.041      1.938      0.053      -0.001       0.160
netspeak        -0.0961      0.038     -2.561      0.011      -0.170      -0.022
assent          -0.0775      0.070     -1.102      0.271      -0.216       0.061
auxverb          0.0537      0.021      2.578      0.010       0.013       0.095
verb             0.0223      0.022      1.024      0.307      -0.021       0.065
focuspast       -0.0330      0.026     -1.266      0.207      -0.084       0.018
tentat          -0.1975      0.036     -5.475      0.000      -0.268      -0.127
motion           0.1402      0.073      1.911      0.057      -0.004       0.284
bio              0.2135      0.049      4.335      0.000       0.117       0.310
sexual           0.0404      0.071      0.570      0.569      -0.099       0.180
focuspresent    -0.0538      0.021     -2.605      0.010      -0.094      -0.013
swear            0.3503      0.045      7.855      0.000       0.263       0.438
nonflu          -0.1520      0.053     -2.861      0.004      -0.257      -0.048
adj             -0.0518      0.025     -2.099      0.037      -0.100      -0.003
percept         -0.3978      0.079     -5.046      0.000      -0.553      -0.243
see              0.5386      0.081      6.689      0.000       0.380       0.697
feel             0.3369      0.079      4.284      0.000       0.182       0.492
nmod_poss       -0.0029      0.013     -0.222      0.824      -0.028       0.022
appos            0.1198      0.039      3.082      0.002       0.043       0.196
compound_prt    -0.0068      0.018     -0.371      0.711      -0.043       0.029
pronoun         -0.0026      0.019     -0.135      0.893      -0.041       0.036
ppron            0.0243      0.016      1.499      0.135      -0.008       0.056
i               -0.0051      0.022     -0.229      0.819      -0.049       0.039
we               0.0387      0.050      0.766      0.444      -0.061       0.138
vocative         0.0025      0.009      0.276      0.783      -0.016       0.021
mark             0.0100      0.015      0.654      0.514      -0.020       0.040
advcl           -0.0110      0.021     -0.517      0.606      -0.053       0.031
adverb          -0.0208      0.024     -0.858      0.392      -0.068       0.027
conj             0.0195      0.013      1.502      0.134      -0.006       0.045
interrog        -0.0480      0.031     -1.557      0.121      -0.109       0.013
time             0.0794      0.074      1.072      0.284      -0.066       0.225
you              0.0115      0.025      0.468      0.640      -0.037       0.060
aux             -0.0059      0.013     -0.457      0.648      -0.031       0.019
ccomp           -0.0287      0.019     -1.509      0.132      -0.066       0.009
they            -0.0675      0.037     -1.834      0.068      -0.140       0.005
reward          -0.4268      0.048     -8.945      0.000      -0.521      -0.333
negate           0.0692      0.033      2.099      0.037       0.004       0.134
insight          0.1726      0.056      3.057      0.002       0.062       0.284
ipron           -0.0270      0.012     -2.200      0.029      -0.051      -0.003
focusfuture      0.0452      0.030      1.525      0.128      -0.013       0.103
obl_tmod         0.0004      0.022      0.017      0.986      -0.043       0.044
discrep         -0.0779      0.045     -1.735      0.084      -0.166       0.010
compare          0.0604      0.031      1.953      0.052      -0.000       0.121
posemo          -0.0772      0.016     -4.863      0.000      -0.108      -0.046
achiev          -0.0410      0.036     -1.141      0.255      -0.112       0.030
friend           0.0785      0.064      1.233      0.218      -0.047       0.204
cause           -0.0017      0.050     -0.033      0.973      -0.101       0.097
relig           -0.1272      0.061     -2.070      0.039      -0.248      -0.006
work             0.0172      0.036      0.476      0.635      -0.054       0.088
flat             0.0220      0.020      1.072      0.284      -0.018       0.062
acl_relcl        0.0245      0.028      0.865      0.387      -0.031       0.080
amod            -0.0040      0.011     -0.377      0.707      -0.025       0.017
cop             -0.0017      0.015     -0.114      0.909      -0.031       0.028
cc               0.0047      0.014      0.346      0.730      -0.022       0.031
differ           0.0048      0.043      0.112      0.911      -0.079       0.088
nmod            -0.0353      0.021     -1.643      0.101      -0.078       0.007
iobj             0.0358      0.033      1.090      0.276      -0.029       0.101
female           0.0133      0.051      0.261      0.794      -0.087       0.113
money           -0.0413      0.039     -1.064      0.288      -0.118       0.035
sad             -0.1809      0.060     -3.031      0.003      -0.298      -0.063
shehe            0.0468      0.043      1.083      0.280      -0.038       0.132
health          -0.1730      0.054     -3.219      0.001      -0.279      -0.067
hear             0.2644      0.097      2.738      0.007       0.074       0.454
number          -0.0771      0.037     -2.112      0.035      -0.149      -0.005
risk            -0.3190      0.071     -4.482      0.000      -0.459      -0.179
fixed            0.0337      0.041      0.813      0.417      -0.048       0.115
expl             0.0157      0.029      0.538      0.591      -0.042       0.073
csubj            0.0777      0.101      0.772      0.440      -0.120       0.276
body            -0.1009      0.056     -1.791      0.074      -0.212       0.010
male            -0.0542      0.050     -1.092      0.276      -0.152       0.043
nummod          -0.0035      0.025     -0.140      0.889      -0.053       0.046
obl_npmod       -0.0334      0.093     -0.359      0.719      -0.216       0.149
ingest          -0.0915      0.046     -1.976      0.049      -0.183      -0.000
anx             -0.0329      0.110     -0.300      0.764      -0.248       0.183
goeswith        -0.1007      0.159     -0.635      0.526      -0.413       0.211
dep             -0.0390      0.048     -0.812      0.417      -0.134       0.055
det_predet       0.0103      0.051      0.204      0.838      -0.089       0.110
list            -0.0031      0.042     -0.073      0.941      -0.086       0.079
nmod_tmod       -0.2384      0.167     -1.429      0.154      -0.566       0.090
aux_pass         0.0438      0.053      0.835      0.404      -0.059       0.147
aae_count       -0.0259      0.014     -1.909      0.057      -0.053       0.001
intercept        0.0678      0.014      4.976      0.000       0.041       0.095
==============================================================================
Omnibus:                       64.282   Durbin-Watson:                   2.068
Prob(Omnibus):                  0.000   Jarque-Bera (JB):              541.958
Skew:                           0.249   Prob(JB):                    2.07e-118
Kurtosis:                       8.408   Cond. No.                     1.30e+16
==============================================================================

Notes:
[1] Standard Errors assume that the covariance matrix of the errors is correctly specified.
[2] The smallest eigenvalue is 7.86e-28. This might indicate that there are
strong multicollinearity problems or that the design matrix is singular.


